00000000
00000111
10000110
10101010
11010010
10010001
10110111
11001011
00000111
10100010
00000000
00000111
10000110
10101010
11010010
10010001
10110111
11001011
00000111
10100010
00000000
00000111
10000110
10101010
11010010
10010001
10110111
11001011
00000111
10100010
00000000
00000111
10000110
10101010
11010010
10010001
10110111
11001011
00000111
10100010
00000000
00000111
10000110
10101010
11010010
10010001
10110111
11001011
00000111
10100010
00000000
00000111
10000110
10101010
11010010
10010001
10110111
11001011
00000111
10100010
00000000
00000111
10000110
10101010
11010010
10010001
10110111
11001011
00000111
10100010
00000000
00000111
10000110
10101010
11010010
10010001
10110111
11001011
00000111
10100010
00000000
00000111
10000110
10101010
11010010
10010001
10110111
11001011
00000111
10100010
00000000
00000111
10000110
10101010
11010010
10010001
10110111
11001011
00000111
10100010
00000000
00000111
10000110
10101010
11010010
10010001
10110111
11001011
00000111
10100010
00000000
00000111
10000110
10101010
11010010
10010001
10110111
11001011
00000111
10100010
00000000
00000111
10000110
10101010
11010010
10010001
10110111
11001011
00000111
10100010
00000000
00000111
10000110
10101010
11010010
10010001
10110111
11001011
00000111
10100010
00000000
00000111
10000110
10101010
11010010
10010001
10110111
11001011
00000111
10100010
00000000
00000111
10000110
10101010
11010010
10010001
10110111
11001011
00000111
10100010
00000000
00000111
10000110
10101010
11010010
10010001
10110111
11001011
00000111
10100010
00000000
00000111
10000110
10101010
11010010
10010001
10110111
11001011
00000111
10100010
00000000
00000111
10000110
10101010
11010010
10010001
10110111
11001011
00000111
10100010
00000000
00000111
10000110
10101010
11010010
10010001
10110111
11001011
00000111
10100010
00000000
00000111
10000110
10101010
11010010
10010001
10110111
11001011
00000111
10100010
00000000
00000111
10000110
10101010
11010010
10010001
10110111
11001011
00000111
10100010
00000000
00000111
10000110
10101010
11010010
10010001
10110111
11001011
00000111
10100010
00000000
00000111
10000110
10101010
11010010
10010001
10110111
11001011
00000111
10100010
00000000
00000111
10000110
10101010
11010010
10010001
10110111
11001011
00000111
10100010
00000000
00000111
10000110
10101010
11010010
10010001
10110111
11001011
00000111
10100010
00000000
00000111
10000110
10101010
11010010
10010001
10110111
11001011
00000111
10100010
00000000
00000111
10000110
10101010
11010010
10010001
10110111
11001011
00000111
10100010